PD[X[18, 29, 19, 30], X[30, 19, 1, 20], X[20, 17, 21, 18], X[16, 2, 17, 1], X[12, 15, 13, 16], X[2, 13, 3, 14], X[14, 3, 15, 4],
  X[4, 22, 5, 21], X[24, 6, 25, 5], X[6, 24, 7, 23], X[22, 8, 23, 7], 
  X[8, 26, 9, 25], X[26, 10, 27, 9], X[10, 28, 11, 27],
  X[28, 12, 29, 11]]

 PD[X[18, 29, 19, 30], X[30, 19, 1, 20], X[20, 17, 21, 18],
  X[16, 2, 17, 1], X[12, 15, 13, 16], X[2, 13, 3, 14],
  X[14, 3, 15, 4], X[4, 22, 5, 21], X[22, 6, 23, 5], X[26, 8, 27, 7],
  X[8, 26, 9, 25], X[24, 10, 25, 9], X[6, 24, 7, 23],
  X[10, 28, 11, 27], X[28, 12, 29, 11]]

PD[X[7, 26, 8, 27], X[25, 6, 26, 7], X[5, 8, 6, 9], X[9, 25, 10, 24],
  X[13, 10, 14, 11], X[23, 12, 24, 13], X[11, 22, 12, 23],
  X[27, 15, 28, 14], X[15, 29, 16, 28], X[29, 17, 30, 16],
  X[17, 3, 18, 2], X[1, 19, 2, 18], X[19, 1, 20, 30], X[3, 21, 4, 20],
  X[21, 5, 22, 4]]

PD[X[25, 6, 26, 7], X[5, 24, 6, 25], X[7, 4, 8, 5], X[23, 9, 24, 8],
  X[9, 12, 10, 13], X[11, 22, 12, 23], X[21, 10, 22, 11],
  X[27, 15, 28, 14], X[15, 29, 16, 28], X[29, 17, 30, 16],
  X[17, 3, 18, 2], X[1, 19, 2, 18], X[19, 1, 20, 30], X[3, 21, 4, 20],
  X[13, 27, 14, 26]]

PD[X[1, 17, 2, 16], X[15, 3, 16, 2], X[3, 15, 4, 14], X[17, 5, 18, 4], 
  X[5, 19, 6, 18], X[19, 7, 20, 6], X[29, 13, 30, 12], X[7, 26, 8, 27],
  X[27, 8, 28, 9], X[25, 28, 26, 29], X[9, 25, 10, 24], 
  X[21, 10, 22, 11], X[11, 22, 12, 23], X[23, 20, 24, 21],
  X[13, 1, 14, 30]]