
9

PD[X[1, 15, 2, 14], X[15, 1, 16, 24], X[3, 13, 4, 12], X[13, 3, 14, 2], X[11, 16, 12, 17], X[19, 10, 20, 11], X[9, 18, 10, 19], X[17, 8, 18, 9], X[7, 20, 8, 21], X[21, 4, 22, 5], X[5, 22, 6, 23], X[23, 6, 24, 7]]

PD[X[1, 15, 2, 14], X[15, 1, 16, 24], X[3, 13, 4, 12], X[13, 3, 14, 2], X[11, 16, 12, 17], X[21, 4, 22, 5], X[5, 22, 6, 23], X[23, 6, 24, 7], X[9, 20, 10, 21], X[7, 18, 8, 19], X[19, 8, 20, 9], X[17, 10, 18, 11]]

PD[X[18, 13, 19, 14], X[2, 18, 3, 17], X[16, 4, 17, 3], X[4, 16, 5, 15], X[14, 6, 15, 5], X[6, 1, 7, 2], X[12, 21, 13, 22], X[20, 11, 21, 12], X[10, 19, 11, 20], X[24, 9, 1, 10], X[8, 23, 9, 24], X[22, 7, 23, 8]]

PD[X[16, 2, 17, 1], X[2, 16, 3, 15], X[14, 4, 15, 3], X[4, 14, 5, 13], X[6, 23, 7, 24], X[12, 19, 13, 20], X[18, 11, 19, 12], X[10, 17, 11, 18], X[22, 9, 23, 10], X[8, 21, 9, 22], X[20, 7, 21, 8], X[24, 5, 1, 6]]

PD[X[20, 5, 21, 6], X[6, 21, 7, 22], X[22, 7, 23, 8], X[16, 9, 17, 10], X[10, 17, 11, 18], X[18, 11, 19, 12], X[8, 19, 9, 20], X[4, 23, 5, 24], X[24, 16, 1, 15], X[14, 2, 15, 1], X[2, 14, 3, 13], X[12, 4, 13, 3]]

PD[X[22, 5, 23, 6], X[10, 17, 11, 18], X[4, 21, 5, 22], X[16, 9, 17, 10], X[20, 3, 21, 4], X[8, 15, 9, 16], X[6, 19, 7, 20], X[18, 7, 19, 8], X[2, 12, 3, 11], X[12, 2, 13, 1], X[24, 14, 1, 13], X[14, 24, 15, 23]]

PD[X[13, 5, 14, 4], X[3, 15, 4, 14], X[15, 3, 16, 2], X[1, 17, 2, 16], X[5, 24, 6, 1], X[9, 20, 10, 21], X[19, 12, 20, 13], X[11, 18, 12, 19], X[17, 10, 18, 11], X[23, 8, 24, 9], X[7, 22, 8, 23], X[21, 6, 22, 7]]

PD[X[23, 6, 24, 7], X[1, 15, 2, 14], X[13, 3, 14, 2], X[19, 10, 20, 11], X[11, 16, 12, 17], X[9, 18, 10, 19], X[17, 8, 18, 9], X[7, 20, 8, 21], X[15, 1, 16, 24], X[21, 4, 22, 5], X[3, 13, 4, 12], X[5, 22, 6, 23]]

PD[X[24, 7, 1, 8], X[12, 19, 13, 20], X[6, 23, 7, 24],
 X[18, 11, 19, 12], X[22, 5, 23, 6], X[10, 17, 11, 18],
 X[8, 21, 9, 22], X[20, 9, 21, 10], X[4, 14, 5, 13], X[14, 4, 15, 3],
 X[2, 14, 3, 15], X[16, 2, 17, 1]]